[N
77
20
17 tpd_datag_combout
24
16 tpd_datad_sumout
74
32 shift_series_termination_control
76
26 parallelterminationcontrol
2
19 cyclonev_lcell_comb
27
18 tpd_sharein_sumout
53
7 sharein
4
8 lut_mask
68
29 tipd_seriesterminationcontrol
49
5 datad
48
5 datae
50
5 dataf
51
5 datag
70
8 tpd_oe_o
5
12 shared_arith
15
17 tpd_datab_combout
8
8 lpm_type
54
16 cyclonev_io_ibuf
39
10 tipd_dataa
40
10 tipd_datab
41
10 tipd_datac
42
10 tipd_datad
43
10 tipd_datae
44
10 tipd_dataf
45
10 tipd_datag
66
16 cyclonev_io_obuf
25
16 tpd_dataf_sumout
59
7 tpd_i_o
71
10 tpd_i_obar
23
16 tpd_datac_sumout
73
17 open_drain_output
58
30 tipd_dynamicterminationcontrol
36
18 tpd_datab_shareout
63
13 simulate_z_as
7
10 dont_touch
38
18 tpd_datad_shareout
16
17 tpd_datac_combout
13
12 InstancePath
10
3 XOn
77
24 seriesterminationcontrol
55
4 arch
33
12 tpd_cin_cout
26
14 tpd_cin_sumout
12
9 XOnChecks
11
11 MsgOnChecks
47
12 tipd_sharein
9
5 MsgOn
18
17 tpd_datae_combout
17
17 tpd_datad_combout
29
14 tpd_datab_cout
31
14 tpd_datad_cout
28
14 tpd_dataa_cout
62
8 bus_hold
69
31 tipd_parallelterminationcontrol
56
6 tipd_i
21
16 tpd_dataa_sumout
60
10 tpd_ibar_o
30
14 tpd_datac_cout
1
50 /opt/intelFPGA/23.1/questa_fse/intel/vhdl/cyclonev
64
25 dynamicterminationcontrol
22
16 tpd_datab_sumout
19
17 tpd_dataf_combout
34
16 tpd_sharein_cout
72
11 tpd_oe_obar
67
7 tipd_oe
57
9 tipd_ibar
35
18 tpd_dataa_shareout
37
18 tpd_datac_shareout
75
44 sim_dynamic_termination_control_is_connected
32
14 tpd_dataf_cout
46
8 tipd_cin
61
17 differential_mode
65
4 ibar
14
17 tpd_dataa_combout
6
12 extended_lut
3
16 vital_lcell_comb
52
3 cin
]
[G
1
66
55
1
9
0
0
0
0
0 0
0
0
]
[G
1
2
3
1
5
0
0
0
0
3 0
111
102
102
1
1
1 3 1 1
]
[G
1
2
3
2
5
0
0
0
0
3 0
111
102
102
1
1
1 3 1 1
]
[G
1
2
3
1
12
0
0
1
0
0 0
0
0
]
[G
1
2
3
2
12
0
0
1
0
0 0
0
0
]
[G
1
2
3
1
8
0
0
0
0
19 0
99
121
99
108
111
110
101
118
95
108
99
101
108
108
95
99
111
109
98
1
1
1 19 1 1
]
[G
1
2
3
2
8
0
0
0
0
19 0
99
121
99
108
111
110
101
118
95
108
99
101
108
108
95
99
111
109
98
1
1
1 19 1 1
]
[G
1
2
3
1
15
0
0
0
0
16 1
0
0
0
]
[G
1
2
3
2
15
0
0
0
0
16 1
0
0
0
]
[G
1
2
3
1
39
0
0
0
0
16 1
0
0
0
]
[G
1
2
3
2
39
0
0
0
0
16 1
0
0
0
]
[G
1
2
3
2
40
0
0
0
0
16 1
0
0
0
]
[G
1
2
3
2
41
0
0
0
0
16 1
0
0
0
]
[G
1
2
3
2
42
0
0
0
0
16 1
0
0
0
]
[G
1
2
3
2
43
0
0
0
0
16 1
0
0
0
]
[G
1
2
3
2
44
0
0
0
0
16 1
0
0
0
]
[G
1
2
3
2
45
0
0
0
0
16 1
0
0
0
]
[G
1
54
55
1
10
0
0
0
0
0 0
0
0
]
[G
1
2
3
2
25
0
0
0
0
16 1
0
0
0
]
[G
1
2
3
1
40
0
0
0
0
16 1
0
0
0
]
[G
1
2
3
1
41
0
0
0
0
16 1
0
0
0
]
[G
1
2
3
1
42
0
0
0
0
16 1
0
0
0
]
[G
1
2
3
1
43
0
0
0
0
16 1
0
0
0
]
[G
1
2
3
1
44
0
0
0
0
16 1
0
0
0
]
[G
1
2
3
1
45
0
0
0
0
16 1
0
0
0
]
[G
1
66
55
1
10
0
0
0
0
0 0
0
0
]
[G
1
2
3
1
23
0
0
0
0
16 1
0
0
0
]
[G
1
2
3
2
23
0
0
0
0
16 1
0
0
0
]
[G
1
54
55
1
62
0
0
0
0
5 0
102
97
108
115
101
1
1
1 5 1 1
]
[G
1
2
3
1
25
0
0
0
0
16 1
0
0
0
]
[G
1
66
55
1
69
0
0
0
0
256 1
0
0
0
]
[G
1
2
3
1
36
0
0
0
0
16 1
0
0
0
]
[G
1
2
3
2
36
0
0
0
0
16 1
0
0
0
]
[G
1
54
55
1
56
0
0
0
0
16 1
0
0
0
]
[G
1
2
3
1
7
0
0
0
0
3 0
111
102
102
1
1
1 3 1 1
]
[G
1
2
3
2
7
0
0
0
0
3 0
111
102
102
1
1
1 3 1 1
]
[G
1
2
3
1
38
0
0
0
0
16 1
0
0
0
]
[G
1
2
3
2
38
0
0
0
0
16 1
0
0
0
]
[G
1
66
55
1
56
0
0
0
0
16 1
0
0
0
]
[G
1
2
3
1
16
0
0
0
0
16 1
0
0
0
]
[G
1
2
3
2
16
0
0
0
0
16 1
0
0
0
]
[G
1
66
55
1
62
0
0
0
0
5 0
102
97
108
115
101
1
1
1 5 1 1
]
[G
1
54
55
1
57
0
0
0
0
16 1
0
0
0
]
[G
1
66
55
1
72
0
0
0
0
16 1
0
0
0
]
[G
1
54
55
1
60
0
0
0
0
16 1
0
0
0
]
[G
1
66
55
1
67
0
0
0
0
16 1
0
0
0
]
[G
1
66
55
1
75
0
0
0
0
5 0
102
97
108
115
101
1
1
1 5 1 1
]
[G
1
2
3
1
33
0
0
0
0
16 1
0
0
0
]
[G
1
2
3
2
33
0
0
0
0
16 1
0
0
0
]
[G
1
2
3
1
26
0
0
0
0
16 1
0
0
0
]
[G
1
2
3
2
26
0
0
0
0
16 1
0
0
0
]
[G
1
2
3
1
47
0
0
0
0
16 1
0
0
0
]
[G
1
2
3
2
47
0
0
0
0
16 1
0
0
0
]
[G
1
54
55
1
61
0
0
0
0
5 0
102
97
108
115
101
1
1
1 5 1 1
]
[G
1
2
3
1
9
0
0
0
0
0 0
0
0
]
[G
1
2
3
2
9
0
0
0
0
0 0
0
0
]
[G
1
2
3
1
18
0
0
0
0
16 1
0
0
0
]
[G
1
2
3
2
18
0
0
0
0
16 1
0
0
0
]
[G
1
2
3
1
13
0
0
0
0
1 1
42
1
1
1 1 1 1
]
[G
1
2
3
2
13
0
0
0
0
1 1
42
1
1
1 1 1 1
]
[G
1
2
3
2
17
0
0
0
0
16 1
0
0
0
]
[G
1
2
3
1
29
0
0
0
0
16 1
0
0
0
]
[G
1
2
3
2
29
0
0
0
0
16 1
0
0
0
]
[G
1
2
3
1
17
0
0
0
0
16 1
0
0
0
]
[G
1
2
3
1
10
0
0
0
0
0 0
0
0
]
[G
1
2
3
2
10
0
0
0
0
0 0
0
0
]
[G
1
2
3
1
31
0
0
0
0
16 1
0
0
0
]
[G
1
2
3
2
31
0
0
0
0
16 1
0
0
0
]
[G
1
66
55
1
74
0
0
0
0
5 0
102
97
108
115
101
1
1
1 5 1 1
]
[G
1
2
3
1
28
0
0
0
0
16 1
0
0
0
]
[G
1
2
3
2
28
0
0
0
0
16 1
0
0
0
]
[G
1
66
55
1
68
0
0
0
0
256 1
0
0
0
]
[G
1
2
3
1
21
0
0
0
0
16 1
0
0
0
]
[G
1
2
3
2
21
0
0
0
0
16 1
0
0
0
]
[G
1
54
55
1
8
0
0
0
0
16 0
99
121
99
108
111
110
101
118
95
105
111
95
105
98
117
102
1
1
1 16 1 1
]
[G
1
2
3
2
30
0
0
0
0
16 1
0
0
0
]
[G
1
66
55
1
70
0
0
0
0
16 1
0
0
0
]
[G
1
2
3
1
22
0
0
0
0
16 1
0
0
0
]
[G
1
2
3
2
22
0
0
0
0
16 1
0
0
0
]
[G
1
2
3
2
19
0
0
0
0
16 1
0
0
0
]
[G
1
2
3
1
34
0
0
0
0
16 1
0
0
0
]
[G
1
2
3
2
34
0
0
0
0
16 1
0
0
0
]
[G
1
66
55
1
8
0
0
0
0
16 0
99
121
99
108
111
110
101
118
95
105
111
95
111
98
117
102
1
1
1 16 1 1
]
[G
1
2
3
1
30
0
0
0
0
16 1
0
0
0
]
[G
1
54
55
1
59
0
0
0
0
16 1
0
0
0
]
[G
1
2
3
2
35
0
0
0
0
16 1
0
0
0
]
[G
1
2
3
1
37
0
0
0
0
16 1
0
0
0
]
[G
1
2
3
2
37
0
0
0
0
16 1
0
0
0
]
[G
1
66
55
1
59
0
0
0
0
16 1
0
0
0
]
[G
1
2
3
1
35
0
0
0
0
16 1
0
0
0
]
[G
1
2
3
1
19
0
0
0
0
16 1
0
0
0
]
[G
1
2
3
1
32
0
0
0
0
16 1
0
0
0
]
[G
1
2
3
2
32
0
0
0
0
16 1
0
0
0
]
[G
1
54
55
1
58
0
0
0
0
16 1
0
0
0
]
[G
1
66
55
1
71
0
0
0
0
16 1
0
0
0
]
[G
1
2
3
1
46
0
0
0
0
16 1
0
0
0
]
[G
1
2
3
2
46
0
0
0
0
16 1
0
0
0
]
[G
1
66
55
1
58
0
0
0
0
16 1
0
0
0
]
[G
1
54
55
1
63
0
0
0
0
1 1
122
1
1
1 1 1 1
]
[G
1
66
55
1
73
0
0
0
0
5 0
102
97
108
115
101
1
1
1 5 1 1
]
[G
1
2
3
1
14
0
0
0
0
16 1
0
0
0
]
[G
1
2
3
2
14
0
0
0
0
16 1
0
0
0
]
[G
1
2
3
1
6
0
0
0
0
3 0
111
102
102
1
1
1 3 1 1
]
[G
1
2
3
2
6
0
0
0
0
3 0
111
102
102
1
1
1 3 1 1
]
[G
1
2
3
1
11
0
0
1
0
0 0
0
0
]
[G
1
2
3
2
11
0
0
1
0
0 0
0
0
]
[G
1
2
3
1
20
0
0
0
0
16 1
0
0
0
]
[G
1
2
3
2
20
0
0
0
0
16 1
0
0
0
]
[G
1
2
3
2
24
0
0
0
0
16 1
0
0
0
]
[G
1
2
3
1
24
0
0
0
0
16 1
0
0
0
]
[G
1
2
3
1
27
0
0
0
0
16 1
0
0
0
]
[G
1
2
3
2
27
0
0
0
0
16 1
0
0
0
]
[G
1
54
55
1
9
0
0
0
0
0 0
0
0
]
[G
1
2
3
1
4
0
0
0
0
64 8
2
2
3
2
2
3
3
2
0
0
]
[G
1
2
3
2
4
0
0
0
0
64 8
3
3
2
3
2
2
2
3
0
0
]
[P
1
66
55
76
77
1
0
0
]
[P
1
2
3
52
49
1
0
0
]
[P
1
2
3
52
49
2
0
0
]
[P
1
2
3
53
49
1
0
0
]
[P
1
2
3
53
49
2
0
0
]
[P
1
2
3
48
49
1
0
0
]
[P
1
2
3
48
49
2
0
0
]
[P
1
2
3
50
49
2
0
0
]
[P
1
2
3
51
49
2
0
0
]
[P
1
2
3
50
49
1
0
0
]
[P
1
2
3
51
49
1
0
0
]
[P
1
54
55
64
65
1
0
0
]
